1.440000 -0.360000 0.000000 0.000000 0.000000 -0.360000 0.000000 0.000000 0.000000 0.000000 0.000000 0.000000 0.000000 0.000000 0.000000 0.000000 0.000000 0.000000 0.000000 0.000000 0.000000 0.000000 0.000000 0.000000 0.000000 
-0.360000 1.440000 -0.360000 0.000000 0.000000 0.000000 -0.360000 0.000000 0.000000 0.000000 0.000000 0.000000 0.000000 0.000000 0.000000 0.000000 0.000000 0.000000 0.000000 0.000000 0.000000 0.000000 0.000000 0.000000 0.000000 
0.000000 -0.360000 1.440000 -0.360000 0.000000 0.000000 0.000000 -0.360000 0.000000 0.000000 0.000000 0.000000 0.000000 0.000000 0.000000 0.000000 0.000000 0.000000 0.000000 0.000000 0.000000 0.000000 0.000000 0.000000 0.000000 
0.000000 0.000000 -0.360000 1.440000 -0.360000 0.000000 0.000000 0.000000 -0.360000 0.000000 0.000000 0.000000 0.000000 0.000000 0.000000 0.000000 0.000000 0.000000 0.000000 0.000000 0.000000 0.000000 0.000000 0.000000 0.000000 
0.000000 0.000000 0.000000 -0.360000 1.440000 0.000000 0.000000 0.000000 0.000000 -0.360000 0.000000 0.000000 0.000000 0.000000 0.000000 0.000000 0.000000 0.000000 0.000000 0.000000 0.000000 0.000000 0.000000 0.000000 0.000000 
-0.360000 0.000000 0.000000 0.000000 0.000000 1.440000 -0.360000 0.000000 0.000000 0.000000 -0.360000 0.000000 0.000000 0.000000 0.000000 0.000000 0.000000 0.000000 0.000000 0.000000 0.000000 0.000000 0.000000 0.000000 0.000000 
0.000000 -0.360000 0.000000 0.000000 0.000000 -0.360000 1.440000 -0.360000 0.000000 0.000000 0.000000 -0.360000 0.000000 0.000000 0.000000 0.000000 0.000000 0.000000 0.000000 0.000000 0.000000 0.000000 0.000000 0.000000 0.000000 
0.000000 0.000000 -0.360000 0.000000 0.000000 0.000000 -0.360000 1.440000 -0.360000 0.000000 0.000000 0.000000 -0.360000 0.000000 0.000000 0.000000 0.000000 0.000000 0.000000 0.000000 0.000000 0.000000 0.000000 0.000000 0.000000 
0.000000 0.000000 0.000000 -0.360000 0.000000 0.000000 0.000000 -0.360000 1.440000 -0.360000 0.000000 0.000000 0.000000 -0.360000 0.000000 0.000000 0.000000 0.000000 0.000000 0.000000 0.000000 0.000000 0.000000 0.000000 0.000000 
0.000000 0.000000 0.000000 0.000000 -0.360000 0.000000 0.000000 0.000000 -0.360000 1.440000 0.000000 0.000000 0.000000 0.000000 -0.360000 0.000000 0.000000 0.000000 0.000000 0.000000 0.000000 0.000000 0.000000 0.000000 0.000000 
0.000000 0.000000 0.000000 0.000000 0.000000 -0.360000 0.000000 0.000000 0.000000 0.000000 1.440000 -0.360000 0.000000 0.000000 0.000000 -0.360000 0.000000 0.000000 0.000000 0.000000 0.000000 0.000000 0.000000 0.000000 0.000000 
0.000000 0.000000 0.000000 0.000000 0.000000 0.000000 -0.360000 0.000000 0.000000 0.000000 -0.360000 1.440000 -0.360000 0.000000 0.000000 0.000000 -0.360000 0.000000 0.000000 0.000000 0.000000 0.000000 0.000000 0.000000 0.000000 
0.000000 0.000000 0.000000 0.000000 0.000000 0.000000 0.000000 -0.360000 0.000000 0.000000 0.000000 -0.360000 1.440000 -0.360000 0.000000 0.000000 0.000000 -0.360000 0.000000 0.000000 0.000000 0.000000 0.000000 0.000000 0.000000 
0.000000 0.000000 0.000000 0.000000 0.000000 0.000000 0.000000 0.000000 -0.360000 0.000000 0.000000 0.000000 -0.360000 1.440000 -0.360000 0.000000 0.000000 0.000000 -0.360000 0.000000 0.000000 0.000000 0.000000 0.000000 0.000000 
0.000000 0.000000 0.000000 0.000000 0.000000 0.000000 0.000000 0.000000 0.000000 -0.360000 0.000000 0.000000 0.000000 -0.360000 1.440000 0.000000 0.000000 0.000000 0.000000 -0.360000 0.000000 0.000000 0.000000 0.000000 0.000000 
0.000000 0.000000 0.000000 0.000000 0.000000 0.000000 0.000000 0.000000 0.000000 0.000000 -0.360000 0.000000 0.000000 0.000000 0.000000 1.440000 -0.360000 0.000000 0.000000 0.000000 -0.360000 0.000000 0.000000 0.000000 0.000000 
0.000000 0.000000 0.000000 0.000000 0.000000 0.000000 0.000000 0.000000 0.000000 0.000000 0.000000 -0.360000 0.000000 0.000000 0.000000 -0.360000 1.440000 -0.360000 0.000000 0.000000 0.000000 -0.360000 0.000000 0.000000 0.000000 
0.000000 0.000000 0.000000 0.000000 0.000000 0.000000 0.000000 0.000000 0.000000 0.000000 0.000000 0.000000 -0.360000 0.000000 0.000000 0.000000 -0.360000 1.440000 -0.360000 0.000000 0.000000 0.000000 -0.360000 0.000000 0.000000 
0.000000 0.000000 0.000000 0.000000 0.000000 0.000000 0.000000 0.000000 0.000000 0.000000 0.000000 0.000000 0.000000 -0.360000 0.000000 0.000000 0.000000 -0.360000 1.440000 -0.360000 0.000000 0.000000 0.000000 -0.360000 0.000000 
0.000000 0.000000 0.000000 0.000000 0.000000 0.000000 0.000000 0.000000 0.000000 0.000000 0.000000 0.000000 0.000000 0.000000 -0.360000 0.000000 0.000000 0.000000 -0.360000 1.440000 0.000000 0.000000 0.000000 0.000000 -0.360000 
0.000000 0.000000 0.000000 0.000000 0.000000 0.000000 0.000000 0.000000 0.000000 0.000000 0.000000 0.000000 0.000000 0.000000 0.000000 -0.360000 0.000000 0.000000 0.000000 0.000000 1.440000 -0.360000 0.000000 0.000000 0.000000 
0.000000 0.000000 0.000000 0.000000 0.000000 0.000000 0.000000 0.000000 0.000000 0.000000 0.000000 0.000000 0.000000 0.000000 0.000000 0.000000 -0.360000 0.000000 0.000000 0.000000 -0.360000 1.440000 -0.360000 0.000000 0.000000 
0.000000 0.000000 0.000000 0.000000 0.000000 0.000000 0.000000 0.000000 0.000000 0.000000 0.000000 0.000000 0.000000 0.000000 0.000000 0.000000 0.000000 -0.360000 0.000000 0.000000 0.000000 -0.360000 1.440000 -0.360000 0.000000 
0.000000 0.000000 0.000000 0.000000 0.000000 0.000000 0.000000 0.000000 0.000000 0.000000 0.000000 0.000000 0.000000 0.000000 0.000000 0.000000 0.000000 0.000000 -0.360000 0.000000 0.000000 0.000000 -0.360000 1.440000 -0.360000 
0.000000 0.000000 0.000000 0.000000 0.000000 0.000000 0.000000 0.000000 0.000000 0.000000 0.000000 0.000000 0.000000 0.000000 0.000000 0.000000 0.000000 0.000000 0.000000 -0.360000 0.000000 0.000000 0.000000 -0.360000 1.440000 
