Avant step_tridiag
0.000000 0.000000 0.000000 0.000000 0.000000 
0.000000 0.000000 0.000000 0.000000 0.000000 
0.000000 0.000000 0.000000 0.000000 0.000000 
0.000000 0.000000 0.000000 0.000000 0.000000 
0.000000 0.000000 0.000000 0.000000 0.000000 
Après step_tridiag
0.848720 -0.221965 0.076329 -0.020991 0.004488 
0.235702 0.792081 -0.314713 0.086548 -0.018506 
0.000000 0.336399 0.783448 -0.249309 0.053307 
-0.000000 0.000000 0.270722 0.818273 -0.201285 
-0.000000 -0.000000 0.000000 0.209093 0.854790 